12 32 3 18 9 42 0 36 5 7
0 1 2 3 4 5 6 7 8 9 10
10 9 8 7 6 5 4 3 2 1 0
7
91 -1 14 0 7 8 -12
4 4 4 4 12 1 12 7 1 1 12 7 1 12 7 7
17 11 9 42 86 12 32 0 8 7 18 73 1 5 32 48 25 36 11 38 71 42 11 63 28 33 48 67
27 41 6 16 61 101 48 18 84 42 29 93 128 64 39 6 52


0 3 5 7 9 12 18 32 36 42
0 1 2 3 4 5 6 7 8 9 10
0 1 2 3 4 5 6 7 8 9 10
7
-12 -1 0 7 8 14 91
1 1 1 1 4 4 4 4 7 7 7 7 12 12 12 12
0 1 5 7 8 9 11 11 11 12 17 18 25 28 32 32 33 36 38 42 42 48 48 63 67 71 73 86
6 6 16 18 27 29 39 41 42 48 52 61 64 84 93 101 128